"","Bundesland","week","FaelleProWoche","GenesenProWoche","ToteProWoche","SummeDerFaelle","SummeDerGenesenen","SummeDerToten"
"1","Baden-Württemberg",2020-01-05,4,3,0,4,3,0
"2","Baden-Württemberg",2020-01-12,2,1,0,6,4,0
"3","Baden-Württemberg",2020-01-19,1,1,0,7,5,0
"4","Baden-Württemberg",2020-02-16,1,1,0,8,6,0
"5","Baden-Württemberg",2020-02-23,19,19,0,27,25,0
"6","Baden-Württemberg",2020-03-01,192,188,4,219,213,4
"7","Baden-Württemberg",2020-03-08,1163,1138,25,1382,1351,29
"8","Baden-Württemberg",2020-03-15,4098,3984,113,5480,5335,142
"9","Baden-Württemberg",2020-03-22,7058,6737,321,12538,12072,463
"10","Baden-Württemberg",2020-03-29,7616,7137,478,20154,19209,941
"11","Baden-Württemberg",2020-04-05,5323,4977,346,25477,24186,1287
"12","Baden-Württemberg",2020-04-12,3320,3083,236,28797,27269,1523
"13","Baden-Württemberg",2020-04-19,2579,2430,149,31376,29699,1672
"14","Baden-Württemberg",2020-04-26,1289,1230,59,32665,30929,1731
"15","Baden-Württemberg",2020-05-03,891,849,42,33556,31778,1773
"16","Baden-Württemberg",2020-05-10,641,615,26,34197,32393,1799
"17","Baden-Württemberg",2020-05-17,419,390,28,34616,32783,1827
"18","Baden-Württemberg",2020-05-24,317,308,9,34933,33091,1836
"19","Baden-Württemberg",2020-05-31,179,172,7,35112,33263,1843
"20","Baden-Württemberg",2020-06-07,162,159,3,35274,33422,1846
"21","Baden-Württemberg",2020-06-14,197,195,2,35471,33617,1848
"22","Baden-Württemberg",2020-06-21,269,266,3,35740,33883,1851
"23","Baden-Württemberg",2020-06-28,217,214,3,35957,34097,1854
"24","Baden-Württemberg",2020-07-05,241,239,2,36198,34336,1856
"25","Baden-Württemberg",2020-07-12,371,367,4,36569,34703,1860
"26","Baden-Württemberg",2020-07-19,503,493,9,37072,35196,1869
"27","Baden-Württemberg",2020-07-26,507,506,0,37579,35702,1869
"28","Baden-Württemberg",2020-08-02,443,442,1,38022,36144,1870
"29","Baden-Württemberg",2020-08-09,776,772,3,38798,36916,1873
"30","Baden-Württemberg",2020-08-16,1573,1571,2,40371,38487,1875
"31","Baden-Württemberg",2020-08-23,1767,1765,2,42138,40252,1877
"32","Baden-Württemberg",2020-08-30,1755,1750,4,43893,42002,1881
"33","Baden-Württemberg",2020-09-06,1622,1615,7,45515,43617,1888
"34","Baden-Württemberg",2020-09-13,1915,1909,6,47430,45526,1894
"35","Baden-Württemberg",2020-09-20,1778,1761,17,49208,47287,1911
"36","Baden-Württemberg",2020-09-27,2018,1996,20,51226,49283,1931
"37","Baden-Württemberg",2020-10-04,3620,3580,39,54846,52863,1970
"38","Baden-Württemberg",2020-10-11,5577,5509,66,60423,58372,2036
"39","Baden-Württemberg",2020-10-18,9660,9544,113,70083,67916,2149
"40","Baden-Württemberg",2020-10-25,14288,14108,178,84371,82024,2327
"41","Baden-Württemberg",2020-11-01,16870,16669,199,101241,98693,2526
"42","Baden-Württemberg",2020-11-08,16005,15710,293,117246,114403,2819
"43","Baden-Württemberg",2020-11-15,16483,16118,361,133729,130521,3180
"44","Baden-Württemberg",2020-11-22,15232,14844,380,148961,145365,3560
"45","Baden-Württemberg",2020-11-29,17180,16717,446,166141,162082,4006
"46","Baden-Württemberg",2020-12-06,21149,20545,591,187290,182627,4597
"47","Baden-Württemberg",2020-12-13,23881,23278,575,211171,205905,5172
"48","Baden-Württemberg",2020-12-20,18594,18063,495,229765,223968,5667
"49","Baden-Württemberg",2020-12-27,14854,9936,417,244619,233904,6084
"50","Baden-Württemberg",2021-01-03,15862,9499,306,260481,243403,6390
"51","Baden-Württemberg",2021-01-10,13874,2759,164,274355,246162,6554
"52","Baden-Württemberg",2021-01-17,8523,118,28,282878,246280,6582
"53","Bayern",2020-01-26,9,9,0,9,9,0
"54","Bayern",2020-02-02,6,6,0,15,15,0
"55","Bayern",2020-02-09,3,3,0,18,18,0
"56","Bayern",2020-02-23,6,6,0,24,24,0
"57","Bayern",2020-03-01,116,115,1,140,139,1
"58","Bayern",2020-03-08,958,943,15,1098,1082,16
"59","Bayern",2020-03-15,4460,4349,111,5558,5431,127
"60","Bayern",2020-03-22,8953,8516,437,14511,13947,564
"61","Bayern",2020-03-29,11046,10381,665,25557,24328,1229
"62","Bayern",2020-04-05,7915,7390,525,33472,31718,1754
"63","Bayern",2020-04-12,4768,4398,370,38240,36116,2124
"64","Bayern",2020-04-19,3271,3047,224,41511,39163,2348
"65","Bayern",2020-04-26,1848,1736,112,43359,40899,2460
"66","Bayern",2020-05-03,1300,1236,64,44659,42135,2524
"67","Bayern",2020-05-10,1111,1059,52,45770,43194,2576
"68","Bayern",2020-05-17,736,709,27,46506,43903,2603
"69","Bayern",2020-05-24,681,669,12,47187,44572,2615
"70","Bayern",2020-05-31,312,303,9,47499,44875,2624
"71","Bayern",2020-06-07,290,284,6,47789,45159,2630
"72","Bayern",2020-06-14,258,254,4,48047,45413,2634
"73","Bayern",2020-06-21,361,352,8,48408,45765,2642
"74","Bayern",2020-06-28,463,462,1,48871,46227,2643
"75","Bayern",2020-07-05,512,510,2,49383,46737,2645
"76","Bayern",2020-07-12,498,494,4,49881,47231,2649
"77","Bayern",2020-07-19,674,672,2,50555,47903,2651
"78","Bayern",2020-07-26,697,695,2,51252,48598,2653
"79","Bayern",2020-08-02,741,739,2,51993,49337,2655
"80","Bayern",2020-08-09,1142,1142,0,53135,50479,2655
"81","Bayern",2020-08-16,2142,2138,4,55277,52617,2659
"82","Bayern",2020-08-23,2169,2162,7,57446,54779,2666
"83","Bayern",2020-08-30,2161,2159,2,59607,56938,2668
"84","Bayern",2020-09-06,2640,2629,11,62247,59567,2679
"85","Bayern",2020-09-13,2982,2964,18,65229,62531,2697
"86","Bayern",2020-09-20,2327,2309,18,67556,64840,2715
"87","Bayern",2020-09-27,2291,2279,12,69847,67119,2727
"88","Bayern",2020-10-04,3522,3484,38,73369,70603,2765
"89","Bayern",2020-10-11,6362,6305,57,79731,76908,2822
"90","Bayern",2020-10-18,11379,11308,71,91110,88216,2893
"91","Bayern",2020-10-25,18297,18075,222,109407,106291,3115
"92","Bayern",2020-11-01,23599,23265,332,133006,129556,3447
"93","Bayern",2020-11-08,25523,25121,400,158529,154677,3847
"94","Bayern",2020-11-15,23953,23369,583,182482,178046,4430
"95","Bayern",2020-11-22,24247,23614,628,206729,201660,5058
"96","Bayern",2020-11-29,23973,23271,693,230702,224931,5751
"97","Bayern",2020-12-06,27961,27084,855,258663,252015,6606
"98","Bayern",2020-12-13,29983,29069,870,288646,281084,7476
"99","Bayern",2020-12-20,23278,22562,675,311924,303646,8151
"100","Bayern",2020-12-27,21949,14661,663,333873,318307,8814
"101","Bayern",2021-01-03,22420,14459,466,356293,332766,9280
"102","Bayern",2021-01-10,19405,2680,240,375698,335446,9520
"103","Bayern",2021-01-17,12087,115,62,387785,335561,9582
"104","Berlin",2020-03-01,25,25,0,25,25,0
"105","Berlin",2020-03-08,245,245,0,270,270,0
"106","Berlin",2020-03-15,806,799,7,1076,1069,7
"107","Berlin",2020-03-22,1359,1335,24,2435,2404,31
"108","Berlin",2020-03-29,1239,1193,46,3674,3597,77
"109","Berlin",2020-04-05,947,895,52,4621,4492,129
"110","Berlin",2020-04-12,596,576,20,5217,5068,149
"111","Berlin",2020-04-19,450,426,24,5667,5494,173
"112","Berlin",2020-04-26,337,313,24,6004,5807,197
"113","Berlin",2020-05-03,274,269,5,6278,6076,202
"114","Berlin",2020-05-10,197,193,4,6475,6269,206
"115","Berlin",2020-05-17,189,183,6,6664,6452,212
"116","Berlin",2020-05-24,167,167,0,6831,6619,212
"117","Berlin",2020-05-31,208,205,3,7039,6824,215
"118","Berlin",2020-06-07,334,332,2,7373,7156,217
"119","Berlin",2020-06-14,503,502,1,7876,7658,218
"120","Berlin",2020-06-21,333,332,1,8209,7990,219
"121","Berlin",2020-06-28,265,259,6,8474,8249,225
"122","Berlin",2020-07-05,190,187,3,8664,8436,228
"123","Berlin",2020-07-12,133,133,0,8797,8569,228
"124","Berlin",2020-07-19,217,217,0,9014,8786,228
"125","Berlin",2020-07-26,336,336,0,9350,9122,228
"126","Berlin",2020-08-02,376,376,0,9726,9498,228
"127","Berlin",2020-08-09,548,548,0,10274,10046,228
"128","Berlin",2020-08-16,468,465,3,10742,10511,231
"129","Berlin",2020-08-23,476,476,0,11218,10987,231
"130","Berlin",2020-08-30,524,523,1,11742,11510,232
"131","Berlin",2020-09-06,577,577,0,12319,12087,232
"132","Berlin",2020-09-13,819,819,0,13138,12906,232
"133","Berlin",2020-09-20,1091,1088,3,14229,13994,235
"134","Berlin",2020-09-27,1480,1473,7,15709,15467,242
"135","Berlin",2020-10-04,2386,2381,5,18095,17848,247
"136","Berlin",2020-10-11,3333,3323,10,21428,21171,257
"137","Berlin",2020-10-18,4803,4768,35,26231,25939,292
"138","Berlin",2020-10-25,6252,6185,67,32483,32124,359
"139","Berlin",2020-11-01,7219,7131,88,39702,39255,447
"140","Berlin",2020-11-08,8167,8062,103,47869,47317,550
"141","Berlin",2020-11-15,8626,8515,111,56495,55832,661
"142","Berlin",2020-11-22,7883,7705,178,64378,63537,839
"143","Berlin",2020-11-29,7039,6850,186,71417,70387,1025
"144","Berlin",2020-12-06,7577,7418,159,78994,77805,1184
"145","Berlin",2020-12-13,8321,8096,218,87315,85901,1402
"146","Berlin",2020-12-20,6433,6235,191,93748,92136,1593
"147","Berlin",2020-12-27,5143,2989,156,98891,95125,1749
"148","Berlin",2021-01-03,7421,4027,153,106312,99152,1902
"149","Berlin",2021-01-10,6206,1366,98,112518,100518,2000
"150","Berlin",2021-01-17,3545,78,20,116063,100596,2020
"151","Brandenburg",2019-12-29,4,4,0,4,4,0
"152","Brandenburg",2020-01-05,2,2,0,6,6,0
"153","Brandenburg",2020-01-12,1,1,0,7,7,0
"154","Brandenburg",2020-01-19,2,2,0,9,9,0
"155","Brandenburg",2020-01-26,1,1,0,10,10,0
"156","Brandenburg",2020-02-02,1,1,0,11,11,0
"157","Brandenburg",2020-02-09,1,1,0,12,12,0
"158","Brandenburg",2020-02-16,2,2,0,14,14,0
"159","Brandenburg",2020-03-01,3,3,0,17,17,0
"160","Brandenburg",2020-03-08,85,85,0,102,102,0
"161","Brandenburg",2020-03-15,296,294,2,398,396,2
"162","Brandenburg",2020-03-22,422,410,12,820,806,14
"163","Brandenburg",2020-03-29,612,558,54,1432,1364,68
"164","Brandenburg",2020-04-05,565,528,37,1997,1892,105
"165","Brandenburg",2020-04-12,419,393,26,2416,2285,131
"166","Brandenburg",2020-04-19,352,330,22,2768,2615,153
"167","Brandenburg",2020-04-26,232,223,9,3000,2838,162
"168","Brandenburg",2020-05-03,128,125,3,3128,2963,165
"169","Brandenburg",2020-05-10,64,63,1,3192,3026,166
"170","Brandenburg",2020-05-17,37,37,0,3229,3063,166
"171","Brandenburg",2020-05-24,33,31,2,3262,3094,168
"172","Brandenburg",2020-05-31,17,17,0,3279,3111,168
"173","Brandenburg",2020-06-07,31,30,1,3310,3141,169
"174","Brandenburg",2020-06-14,75,75,0,3385,3216,169
"175","Brandenburg",2020-06-21,37,37,0,3422,3253,169
"176","Brandenburg",2020-06-28,44,43,1,3466,3296,170
"177","Brandenburg",2020-07-05,19,19,0,3485,3315,170
"178","Brandenburg",2020-07-12,27,27,0,3512,3342,170
"179","Brandenburg",2020-07-19,59,59,0,3571,3401,170
"180","Brandenburg",2020-07-26,31,31,0,3602,3432,170
"181","Brandenburg",2020-08-02,70,69,1,3672,3501,171
"182","Brandenburg",2020-08-09,59,59,0,3731,3560,171
"183","Brandenburg",2020-08-16,103,103,0,3834,3663,171
"184","Brandenburg",2020-08-23,71,71,0,3905,3734,171
"185","Brandenburg",2020-08-30,61,61,0,3966,3795,171
"186","Brandenburg",2020-09-06,78,77,1,4044,3872,172
"187","Brandenburg",2020-09-13,90,90,0,4134,3962,172
"188","Brandenburg",2020-09-20,132,131,1,4266,4093,173
"189","Brandenburg",2020-09-27,228,225,3,4494,4318,176
"190","Brandenburg",2020-10-04,395,389,6,4889,4707,182
"191","Brandenburg",2020-10-11,730,715,15,5619,5422,197
"192","Brandenburg",2020-10-18,1204,1183,21,6823,6605,218
"193","Brandenburg",2020-10-25,1944,1916,27,8767,8521,245
"194","Brandenburg",2020-11-01,2213,2170,43,10980,10691,288
"195","Brandenburg",2020-11-08,2339,2290,49,13319,12981,337
"196","Brandenburg",2020-11-15,3003,2939,64,16322,15920,401
"197","Brandenburg",2020-11-22,3262,3158,103,19584,19078,504
"198","Brandenburg",2020-11-29,3645,3531,113,23229,22609,617
"199","Brandenburg",2020-12-06,4529,4387,139,27758,26996,756
"200","Brandenburg",2020-12-13,6153,5880,265,33911,32876,1021
"201","Brandenburg",2020-12-20,5112,4915,191,39023,37791,1212
"202","Brandenburg",2020-12-27,5714,4266,243,44737,42057,1455
"203","Brandenburg",2021-01-03,7645,5283,230,52382,47340,1685
"204","Brandenburg",2021-01-10,6441,2055,153,58823,49395,1838
"205","Brandenburg",2021-01-17,3982,433,58,62805,49828,1896
"206","Bremen",2020-03-01,4,4,0,4,4,0
"207","Bremen",2020-03-08,48,48,0,52,52,0
"208","Bremen",2020-03-15,112,111,1,164,163,1
"209","Bremen",2020-03-22,122,118,4,286,281,5
"210","Bremen",2020-03-29,101,90,11,387,371,16
"211","Bremen",2020-04-05,90,83,7,477,454,23
"212","Bremen",2020-04-12,106,100,6,583,554,29
"213","Bremen",2020-04-19,193,189,4,776,743,33
"214","Bremen",2020-04-26,143,140,3,919,883,36
"215","Bremen",2020-05-03,170,164,6,1089,1047,42
"216","Bremen",2020-05-10,127,123,4,1216,1170,46
"217","Bremen",2020-05-17,81,80,1,1297,1250,47
"218","Bremen",2020-05-24,130,129,1,1427,1379,48
"219","Bremen",2020-05-31,92,89,3,1519,1468,51
"220","Bremen",2020-06-07,72,71,1,1591,1539,52
"221","Bremen",2020-06-14,55,50,5,1646,1589,57
"222","Bremen",2020-06-21,17,17,0,1663,1606,57
"223","Bremen",2020-06-28,17,17,0,1680,1623,57
"224","Bremen",2020-07-05,11,11,0,1691,1634,57
"225","Bremen",2020-07-12,29,27,2,1720,1661,59
"226","Bremen",2020-07-19,29,29,0,1749,1690,59
"227","Bremen",2020-07-26,35,35,0,1784,1725,59
"228","Bremen",2020-08-02,21,21,0,1805,1746,59
"229","Bremen",2020-08-09,38,37,1,1843,1783,60
"230","Bremen",2020-08-16,58,58,0,1901,1841,60
"231","Bremen",2020-08-23,90,90,0,1991,1931,60
"232","Bremen",2020-08-30,77,77,0,2068,2008,60
"233","Bremen",2020-09-06,62,62,0,2130,2070,60
"234","Bremen",2020-09-13,82,82,0,2212,2152,60
"235","Bremen",2020-09-20,150,150,0,2362,2302,60
"236","Bremen",2020-09-27,242,241,1,2604,2543,61
"237","Bremen",2020-10-04,462,458,4,3066,3001,65
"238","Bremen",2020-10-11,486,484,2,3552,3485,67
"239","Bremen",2020-10-18,766,754,12,4318,4239,79
"240","Bremen",2020-10-25,1200,1185,15,5518,5424,94
"241","Bremen",2020-11-01,1544,1528,16,7062,6952,110
"242","Bremen",2020-11-08,1116,1100,16,8178,8052,126
"243","Bremen",2020-11-15,998,981,17,9176,9033,143
"244","Bremen",2020-11-22,826,815,11,10002,9848,154
"245","Bremen",2020-11-29,727,714,13,10729,10562,167
"246","Bremen",2020-12-06,907,892,15,11636,11454,182
"247","Bremen",2020-12-13,812,784,28,12448,12238,210
"248","Bremen",2020-12-20,694,676,18,13142,12914,228
"249","Bremen",2020-12-27,555,257,11,13697,13171,239
"250","Bremen",2021-01-03,607,175,3,14304,13346,242
"251","Bremen",2021-01-10,584,42,8,14888,13388,250
"252","Bremen",2021-01-17,434,2,0,15322,13390,250
"253","Hamburg",2020-02-23,1,1,0,1,1,0
"254","Hamburg",2020-03-01,17,16,1,18,17,1
"255","Hamburg",2020-03-08,243,240,3,261,257,4
"256","Hamburg",2020-03-15,864,858,6,1125,1115,10
"257","Hamburg",2020-03-22,1107,1063,44,2232,2178,54
"258","Hamburg",2020-03-29,915,853,62,3147,3031,116
"259","Hamburg",2020-04-05,816,757,59,3963,3788,175
"260","Hamburg",2020-04-12,466,420,46,4429,4208,221
"261","Hamburg",2020-04-19,295,272,23,4724,4480,244
"262","Hamburg",2020-04-26,151,142,9,4875,4622,253
"263","Hamburg",2020-05-03,93,84,9,4968,4706,262
"264","Hamburg",2020-05-10,51,49,2,5019,4755,264
"265","Hamburg",2020-05-17,26,24,2,5045,4779,266
"266","Hamburg",2020-05-24,11,11,0,5056,4790,266
"267","Hamburg",2020-05-31,32,32,0,5088,4822,266
"268","Hamburg",2020-06-07,24,24,0,5112,4846,266
"269","Hamburg",2020-06-14,28,28,0,5140,4874,266
"270","Hamburg",2020-06-21,41,41,0,5181,4915,266
"271","Hamburg",2020-06-28,25,25,0,5206,4940,266
"272","Hamburg",2020-07-05,17,16,1,5223,4956,267
"273","Hamburg",2020-07-12,15,15,0,5238,4971,267
"274","Hamburg",2020-07-19,89,88,1,5327,5059,268
"275","Hamburg",2020-07-26,113,113,0,5440,5172,268
"276","Hamburg",2020-08-02,271,270,1,5711,5442,269
"277","Hamburg",2020-08-09,195,194,1,5906,5636,270
"278","Hamburg",2020-08-16,171,170,1,6077,5806,271
"279","Hamburg",2020-08-23,207,207,0,6284,6013,271
"280","Hamburg",2020-08-30,257,255,2,6541,6268,273
"281","Hamburg",2020-09-06,316,314,2,6857,6582,275
"282","Hamburg",2020-09-13,403,402,1,7260,6984,276
"283","Hamburg",2020-09-20,490,488,2,7750,7472,278
"284","Hamburg",2020-09-27,612,603,9,8362,8075,287
"285","Hamburg",2020-10-04,682,679,3,9044,8754,290
"286","Hamburg",2020-10-11,998,989,9,10042,9743,299
"287","Hamburg",2020-10-18,1860,1844,16,11902,11587,315
"288","Hamburg",2020-10-25,2688,2664,24,14590,14251,339
"289","Hamburg",2020-11-01,3108,3064,42,17698,17315,381
"290","Hamburg",2020-11-08,2840,2777,63,20538,20092,444
"291","Hamburg",2020-11-15,2526,2467,58,23064,22559,502
"292","Hamburg",2020-11-22,1603,1561,41,24667,24120,543
"293","Hamburg",2020-11-29,2129,2061,67,26796,26181,610
"294","Hamburg",2020-12-06,2590,2503,84,29386,28684,694
"295","Hamburg",2020-12-13,3147,3067,77,32533,31751,771
"296","Hamburg",2020-12-20,2812,2721,76,35345,34472,847
"297","Hamburg",2020-12-27,2542,992,59,37887,35464,906
"298","Hamburg",2021-01-03,2822,730,45,40709,36194,951
"299","Hamburg",2021-01-10,2227,125,19,42936,36319,970
"300","Hamburg",2021-01-17,1305,15,6,44241,36334,976
"301","Hessen",2020-02-23,1,1,0,1,1,0
"302","Hessen",2020-03-01,25,25,0,26,26,0
"303","Hessen",2020-03-08,273,272,1,299,298,1
"304","Hessen",2020-03-15,1092,1081,11,1391,1379,12
"305","Hessen",2020-03-22,1611,1554,57,3002,2933,69
"306","Hessen",2020-03-29,1647,1535,112,4649,4468,181
"307","Hessen",2020-04-05,1386,1260,126,6035,5728,307
"308","Hessen",2020-04-12,1089,1000,89,7124,6728,396
"309","Hessen",2020-04-19,813,755,58,7937,7483,454
"310","Hessen",2020-04-26,575,556,19,8512,8039,473
"311","Hessen",2020-05-03,464,444,20,8976,8483,493
"312","Hessen",2020-05-10,348,335,13,9324,8818,506
"313","Hessen",2020-05-17,441,432,9,9765,9250,515
"314","Hessen",2020-05-24,296,295,1,10061,9545,516
"315","Hessen",2020-05-31,146,144,2,10207,9689,518
"316","Hessen",2020-06-07,151,149,2,10358,9838,520
"317","Hessen",2020-06-14,237,234,3,10595,10072,523
"318","Hessen",2020-06-21,179,179,0,10774,10251,523
"319","Hessen",2020-06-28,179,178,1,10953,10429,524
"320","Hessen",2020-07-05,227,226,1,11180,10655,525
"321","Hessen",2020-07-12,233,232,1,11413,10887,526
"322","Hessen",2020-07-19,296,289,7,11709,11176,533
"323","Hessen",2020-07-26,427,420,7,12136,11596,540
"324","Hessen",2020-08-02,601,600,1,12737,12196,541
"325","Hessen",2020-08-09,767,766,1,13504,12962,542
"326","Hessen",2020-08-16,1139,1138,1,14643,14100,543
"327","Hessen",2020-08-23,805,805,0,15448,14905,543
"328","Hessen",2020-08-30,684,677,7,16132,15582,550
"329","Hessen",2020-09-06,713,706,7,16845,16288,557
"330","Hessen",2020-09-13,776,771,5,17621,17059,562
"331","Hessen",2020-09-20,1009,997,12,18630,18056,574
"332","Hessen",2020-09-27,1289,1279,10,19919,19335,584
"333","Hessen",2020-10-04,2099,2079,20,22018,21414,604
"334","Hessen",2020-10-11,3662,3618,44,25680,25032,648
"335","Hessen",2020-10-18,7039,6937,101,32719,31969,749
"336","Hessen",2020-10-25,10014,9883,131,42733,41852,880
"337","Hessen",2020-11-01,10910,10748,162,53643,52600,1042
"338","Hessen",2020-11-08,11432,11213,219,65075,63813,1261
"339","Hessen",2020-11-15,11621,11356,265,76696,75169,1526
"340","Hessen",2020-11-22,10048,9776,269,86744,84945,1795
"341","Hessen",2020-11-29,9529,9140,385,96273,94085,2180
"342","Hessen",2020-12-06,11780,11280,489,108053,105365,2669
"343","Hessen",2020-12-13,13128,12621,486,121181,117986,3155
"344","Hessen",2020-12-20,10277,9837,414,131458,127823,3569
"345","Hessen",2020-12-27,8572,4731,345,140030,132554,3914
"346","Hessen",2021-01-03,10295,5425,286,150325,137979,4200
"347","Hessen",2021-01-10,8439,1392,131,158764,139371,4331
"348","Hessen",2021-01-17,6160,97,30,164924,139468,4361
"349","Mecklenburg-Vorpommern",2020-03-01,5,5,0,5,5,0
"350","Mecklenburg-Vorpommern",2020-03-08,34,34,0,39,39,0
"351","Mecklenburg-Vorpommern",2020-03-15,150,150,0,189,189,0
"352","Mecklenburg-Vorpommern",2020-03-22,162,157,5,351,346,5
"353","Mecklenburg-Vorpommern",2020-03-29,172,164,8,523,510,13
"354","Mecklenburg-Vorpommern",2020-04-05,89,85,4,612,595,17
"355","Mecklenburg-Vorpommern",2020-04-12,40,38,2,652,633,19
"356","Mecklenburg-Vorpommern",2020-04-19,21,20,1,673,653,20
"357","Mecklenburg-Vorpommern",2020-04-26,28,28,0,701,681,20
"358","Mecklenburg-Vorpommern",2020-05-03,24,24,0,725,705,20
"359","Mecklenburg-Vorpommern",2020-05-10,22,22,0,747,727,20
"360","Mecklenburg-Vorpommern",2020-05-17,11,11,0,758,738,20
"361","Mecklenburg-Vorpommern",2020-05-24,3,3,0,761,741,20
"362","Mecklenburg-Vorpommern",2020-05-31,13,13,0,774,754,20
"363","Mecklenburg-Vorpommern",2020-06-07,8,8,0,782,762,20
"364","Mecklenburg-Vorpommern",2020-06-14,11,11,0,793,773,20
"365","Mecklenburg-Vorpommern",2020-06-21,8,8,0,801,781,20
"366","Mecklenburg-Vorpommern",2020-06-28,3,3,0,804,784,20
"367","Mecklenburg-Vorpommern",2020-07-12,5,5,0,809,789,20
"368","Mecklenburg-Vorpommern",2020-07-19,37,37,0,846,826,20
"369","Mecklenburg-Vorpommern",2020-07-26,36,36,0,882,862,20
"370","Mecklenburg-Vorpommern",2020-08-02,60,60,0,942,922,20
"371","Mecklenburg-Vorpommern",2020-08-09,31,31,0,973,953,20
"372","Mecklenburg-Vorpommern",2020-08-16,22,22,0,995,975,20
"373","Mecklenburg-Vorpommern",2020-08-23,14,14,0,1009,989,20
"374","Mecklenburg-Vorpommern",2020-08-30,22,22,0,1031,1011,20
"375","Mecklenburg-Vorpommern",2020-09-06,34,34,0,1065,1045,20
"376","Mecklenburg-Vorpommern",2020-09-13,50,50,0,1115,1095,20
"377","Mecklenburg-Vorpommern",2020-09-20,49,49,0,1164,1144,20
"378","Mecklenburg-Vorpommern",2020-09-27,126,126,0,1290,1270,20
"379","Mecklenburg-Vorpommern",2020-10-04,139,139,0,1429,1409,20
"380","Mecklenburg-Vorpommern",2020-10-11,278,277,1,1707,1686,21
"381","Mecklenburg-Vorpommern",2020-10-18,449,444,5,2156,2130,26
"382","Mecklenburg-Vorpommern",2020-10-25,739,734,5,2895,2864,31
"383","Mecklenburg-Vorpommern",2020-11-01,825,814,11,3720,3678,42
"384","Mecklenburg-Vorpommern",2020-11-08,689,672,17,4409,4350,59
"385","Mecklenburg-Vorpommern",2020-11-15,759,751,8,5168,5101,67
"386","Mecklenburg-Vorpommern",2020-11-22,763,748,15,5931,5849,82
"387","Mecklenburg-Vorpommern",2020-11-29,810,779,30,6741,6628,112
"388","Mecklenburg-Vorpommern",2020-12-06,1399,1372,26,8140,8000,138
"389","Mecklenburg-Vorpommern",2020-12-13,1551,1522,25,9691,9522,163
"390","Mecklenburg-Vorpommern",2020-12-20,1307,1268,39,10998,10790,202
"391","Mecklenburg-Vorpommern",2020-12-27,1534,1211,68,12532,12001,270
"392","Mecklenburg-Vorpommern",2021-01-03,2171,1678,46,14703,13679,316
"393","Mecklenburg-Vorpommern",2021-01-10,1936,437,34,16639,14116,350
"394","Mecklenburg-Vorpommern",2021-01-17,1468,63,5,18107,14179,355
"395","Niedersachsen",2020-02-02,1,1,0,1,1,0
"396","Niedersachsen",2020-03-01,34,34,0,35,35,0
"397","Niedersachsen",2020-03-08,351,349,2,386,384,2
"398","Niedersachsen",2020-03-15,1366,1346,20,1752,1730,22
"399","Niedersachsen",2020-03-22,2153,2052,100,3905,3782,122
"400","Niedersachsen",2020-03-29,2160,2014,146,6065,5796,268
"401","Niedersachsen",2020-04-05,1783,1660,123,7848,7456,391
"402","Niedersachsen",2020-04-12,1203,1111,92,9051,8567,483
"403","Niedersachsen",2020-04-19,876,817,59,9927,9384,542
"404","Niedersachsen",2020-04-26,471,437,34,10398,9821,576
"405","Niedersachsen",2020-05-03,471,449,22,10869,10270,598
"406","Niedersachsen",2020-05-10,291,277,14,11160,10547,612
"407","Niedersachsen",2020-05-17,417,403,14,11577,10950,626
"408","Niedersachsen",2020-05-24,437,431,6,12014,11381,632
"409","Niedersachsen",2020-05-31,495,491,4,12509,11872,636
"410","Niedersachsen",2020-06-07,382,376,6,12891,12248,642
"411","Niedersachsen",2020-06-14,368,360,8,13259,12608,650
"412","Niedersachsen",2020-06-21,242,239,3,13501,12847,653
"413","Niedersachsen",2020-06-28,177,174,3,13678,13021,656
"414","Niedersachsen",2020-07-05,106,103,3,13784,13124,659
"415","Niedersachsen",2020-07-12,226,224,2,14010,13348,661
"416","Niedersachsen",2020-07-19,236,235,1,14246,13583,662
"417","Niedersachsen",2020-07-26,346,344,2,14592,13927,664
"418","Niedersachsen",2020-08-02,432,431,1,15024,14358,665
"419","Niedersachsen",2020-08-09,501,499,2,15525,14857,667
"420","Niedersachsen",2020-08-16,664,659,5,16189,15516,672
"421","Niedersachsen",2020-08-23,615,612,3,16804,16128,675
"422","Niedersachsen",2020-08-30,552,552,0,17356,16680,675
"423","Niedersachsen",2020-09-06,630,621,9,17986,17301,684
"424","Niedersachsen",2020-09-13,1048,1041,7,19034,18342,691
"425","Niedersachsen",2020-09-20,1024,1007,17,20058,19349,708
"426","Niedersachsen",2020-09-27,1260,1251,9,21318,20600,717
"427","Niedersachsen",2020-10-04,1909,1891,18,23227,22491,735
"428","Niedersachsen",2020-10-11,2978,2951,26,26205,25442,761
"429","Niedersachsen",2020-10-18,4635,4568,67,30840,30010,828
"430","Niedersachsen",2020-10-25,7485,7366,119,38325,37376,947
"431","Niedersachsen",2020-11-01,8822,8725,96,47147,46101,1043
"432","Niedersachsen",2020-11-08,8769,8629,140,55916,54730,1183
"433","Niedersachsen",2020-11-15,8365,8192,173,64281,62922,1356
"434","Niedersachsen",2020-11-22,7168,7019,149,71449,69941,1505
"435","Niedersachsen",2020-11-29,6678,6520,152,78127,76461,1657
"436","Niedersachsen",2020-12-06,7815,7617,198,85942,84078,1855
"437","Niedersachsen",2020-12-13,9217,8948,263,95159,93026,2118
"438","Niedersachsen",2020-12-20,8110,7863,236,103269,100889,2354
"439","Niedersachsen",2020-12-27,7619,6509,232,110888,107398,2586
"440","Niedersachsen",2021-01-03,9851,8292,232,120739,115690,2818
"441","Niedersachsen",2021-01-10,8158,1926,96,128897,117616,2914
"442","Niedersachsen",2021-01-17,6005,142,31,134902,117758,2945
"443","Nordrhein-Westfalen",2019-12-29,11,11,0,11,11,0
"444","Nordrhein-Westfalen",2020-01-05,10,10,0,21,21,0
"445","Nordrhein-Westfalen",2020-01-12,16,15,1,37,36,1
"446","Nordrhein-Westfalen",2020-01-19,10,9,1,47,45,2
"447","Nordrhein-Westfalen",2020-01-26,2,2,0,49,47,2
"448","Nordrhein-Westfalen",2020-02-09,1,1,0,50,48,2
"449","Nordrhein-Westfalen",2020-02-16,1,1,0,51,49,2
"450","Nordrhein-Westfalen",2020-02-23,72,72,0,123,121,2
"451","Nordrhein-Westfalen",2020-03-01,385,380,5,508,501,7
"452","Nordrhein-Westfalen",2020-03-08,1527,1506,21,2035,2007,28
"453","Nordrhein-Westfalen",2020-03-15,5183,5074,109,7218,7081,137
"454","Nordrhein-Westfalen",2020-03-22,6044,5811,233,13262,12892,370
"455","Nordrhein-Westfalen",2020-03-29,6558,6148,410,19820,19040,780
"456","Nordrhein-Westfalen",2020-04-05,5557,5170,385,25377,24210,1165
"457","Nordrhein-Westfalen",2020-04-12,3705,3465,239,29082,27675,1404
"458","Nordrhein-Westfalen",2020-04-19,2766,2628,138,31848,30303,1542
"459","Nordrhein-Westfalen",2020-04-26,1656,1591,65,33504,31894,1607
"460","Nordrhein-Westfalen",2020-05-03,1576,1527,49,35080,33421,1656
"461","Nordrhein-Westfalen",2020-05-10,1308,1280,28,36388,34701,1684
"462","Nordrhein-Westfalen",2020-05-17,908,894,14,37296,35595,1698
"463","Nordrhein-Westfalen",2020-05-24,773,754,19,38069,36349,1717
"464","Nordrhein-Westfalen",2020-05-31,642,633,9,38711,36982,1726
"465","Nordrhein-Westfalen",2020-06-07,657,652,5,39368,37634,1731
"466","Nordrhein-Westfalen",2020-06-14,2007,1989,18,41375,39623,1749
"467","Nordrhein-Westfalen",2020-06-21,1617,1610,7,42992,41233,1756
"468","Nordrhein-Westfalen",2020-06-28,1174,1167,7,44166,42400,1763
"469","Nordrhein-Westfalen",2020-07-05,927,914,13,45093,43314,1776
"470","Nordrhein-Westfalen",2020-07-12,1136,1126,10,46229,44440,1786
"471","Nordrhein-Westfalen",2020-07-19,1481,1468,13,47710,45908,1799
"472","Nordrhein-Westfalen",2020-07-26,1804,1788,16,49514,47696,1815
"473","Nordrhein-Westfalen",2020-08-02,2397,2377,20,51911,50073,1835
"474","Nordrhein-Westfalen",2020-08-09,2888,2872,16,54799,52945,1851
"475","Nordrhein-Westfalen",2020-08-16,2308,2292,16,57107,55237,1867
"476","Nordrhein-Westfalen",2020-08-23,1754,1751,3,58861,56988,1870
"477","Nordrhein-Westfalen",2020-08-30,1731,1715,16,60592,58703,1886
"478","Nordrhein-Westfalen",2020-09-06,1921,1904,16,62513,60607,1902
"479","Nordrhein-Westfalen",2020-09-13,2961,2939,22,65474,63546,1924
"480","Nordrhein-Westfalen",2020-09-20,3392,3372,20,68866,66918,1944
"481","Nordrhein-Westfalen",2020-09-27,4370,4336,34,73236,71254,1978
"482","Nordrhein-Westfalen",2020-10-04,6822,6763,59,80058,78017,2037
"483","Nordrhein-Westfalen",2020-10-11,10671,10570,101,90729,88587,2138
"484","Nordrhein-Westfalen",2020-10-18,19167,18945,222,109896,107532,2360
"485","Nordrhein-Westfalen",2020-10-25,28831,28459,368,138727,135991,2728
"486","Nordrhein-Westfalen",2020-11-01,31708,31319,386,170435,167310,3114
"487","Nordrhein-Westfalen",2020-11-08,31626,31132,489,202061,198442,3603
"488","Nordrhein-Westfalen",2020-11-15,30106,29556,547,232167,227998,4150
"489","Nordrhein-Westfalen",2020-11-22,27558,26962,591,259725,254960,4741
"490","Nordrhein-Westfalen",2020-11-29,26039,25313,720,285764,280273,5461
"491","Nordrhein-Westfalen",2020-12-06,31045,30124,917,316809,310397,6378
"492","Nordrhein-Westfalen",2020-12-13,34131,33099,1004,350940,343496,7382
"493","Nordrhein-Westfalen",2020-12-20,27594,26768,790,378534,370264,8172
"494","Nordrhein-Westfalen",2020-12-27,22399,14682,723,400933,384946,8895
"495","Nordrhein-Westfalen",2021-01-03,27700,16617,629,428633,401563,9524
"496","Nordrhein-Westfalen",2021-01-10,22565,3305,320,451198,404868,9844
"497","Nordrhein-Westfalen",2021-01-17,16178,233,51,467376,405101,9895
"498","Rheinland-Pfalz",2020-02-23,2,2,0,2,2,0
"499","Rheinland-Pfalz",2020-03-01,10,10,0,12,12,0
"500","Rheinland-Pfalz",2020-03-08,228,228,0,240,240,0
"501","Rheinland-Pfalz",2020-03-15,976,965,11,1216,1205,11
"502","Rheinland-Pfalz",2020-03-22,1363,1331,32,2579,2536,43
"503","Rheinland-Pfalz",2020-03-29,1281,1229,52,3860,3765,95
"504","Rheinland-Pfalz",2020-04-05,961,901,60,4821,4666,155
"505","Rheinland-Pfalz",2020-04-12,689,650,39,5510,5316,194
"506","Rheinland-Pfalz",2020-04-19,354,331,23,5864,5647,217
"507","Rheinland-Pfalz",2020-04-26,269,258,11,6133,5905,228
"508","Rheinland-Pfalz",2020-05-03,179,172,7,6312,6077,235
"509","Rheinland-Pfalz",2020-05-10,169,166,3,6481,6243,238
"510","Rheinland-Pfalz",2020-05-17,113,113,0,6594,6356,238
"511","Rheinland-Pfalz",2020-05-24,110,109,1,6704,6465,239
"512","Rheinland-Pfalz",2020-05-31,83,81,2,6787,6546,241
"513","Rheinland-Pfalz",2020-06-07,52,52,0,6839,6598,241
"514","Rheinland-Pfalz",2020-06-14,75,74,1,6914,6672,242
"515","Rheinland-Pfalz",2020-06-21,69,68,1,6983,6740,243
"516","Rheinland-Pfalz",2020-06-28,101,101,0,7084,6841,243
"517","Rheinland-Pfalz",2020-07-05,85,84,1,7169,6925,244
"518","Rheinland-Pfalz",2020-07-12,144,143,1,7313,7068,245
"519","Rheinland-Pfalz",2020-07-19,117,115,2,7430,7183,247
"520","Rheinland-Pfalz",2020-07-26,116,116,0,7546,7299,247
"521","Rheinland-Pfalz",2020-08-02,279,278,1,7825,7577,248
"522","Rheinland-Pfalz",2020-08-09,343,342,1,8168,7919,249
"523","Rheinland-Pfalz",2020-08-16,492,490,2,8660,8409,251
"524","Rheinland-Pfalz",2020-08-23,407,406,1,9067,8815,252
"525","Rheinland-Pfalz",2020-08-30,305,303,2,9372,9118,254
"526","Rheinland-Pfalz",2020-09-06,401,398,3,9773,9516,257
"527","Rheinland-Pfalz",2020-09-13,368,364,4,10141,9880,261
"528","Rheinland-Pfalz",2020-09-20,430,426,4,10571,10306,265
"529","Rheinland-Pfalz",2020-09-27,588,586,2,11159,10892,267
"530","Rheinland-Pfalz",2020-10-04,951,940,11,12110,11832,278
"531","Rheinland-Pfalz",2020-10-11,1653,1636,17,13763,13468,295
"532","Rheinland-Pfalz",2020-10-18,2854,2820,34,16617,16288,329
"533","Rheinland-Pfalz",2020-10-25,4412,4366,46,21029,20654,375
"534","Rheinland-Pfalz",2020-11-01,5327,5259,68,26356,25913,443
"535","Rheinland-Pfalz",2020-11-08,6182,6061,121,32538,31974,564
"536","Rheinland-Pfalz",2020-11-15,5743,5595,148,38281,37569,712
"537","Rheinland-Pfalz",2020-11-22,5305,5125,180,43586,42694,892
"538","Rheinland-Pfalz",2020-11-29,5828,5611,217,49414,48305,1109
"539","Rheinland-Pfalz",2020-12-06,6746,6540,206,56160,54845,1315
"540","Rheinland-Pfalz",2020-12-13,7061,6800,260,63221,61645,1575
"541","Rheinland-Pfalz",2020-12-20,5883,5673,207,69104,67318,1782
"542","Rheinland-Pfalz",2020-12-27,5301,2171,189,74405,69489,1971
"543","Rheinland-Pfalz",2021-01-03,5855,2324,190,80260,71813,2161
"544","Rheinland-Pfalz",2021-01-10,4778,409,77,85038,72222,2238
"545","Rheinland-Pfalz",2021-01-17,3565,38,25,88603,72260,2263
"546","Saarland",2020-01-19,1,1,0,1,1,0
"547","Saarland",2020-01-26,1,1,0,2,2,0
"548","Saarland",2020-02-23,2,2,0,4,4,0
"549","Saarland",2020-03-08,60,60,0,64,64,0
"550","Saarland",2020-03-15,227,223,4,291,287,4
"551","Saarland",2020-03-22,386,367,19,677,654,23
"552","Saarland",2020-03-29,762,706,56,1439,1360,79
"553","Saarland",2020-04-05,635,590,45,2074,1950,124
"554","Saarland",2020-04-12,233,215,18,2307,2165,142
"555","Saarland",2020-04-19,155,137,18,2462,2302,160
"556","Saarland",2020-04-26,98,94,4,2560,2396,164
"557","Saarland",2020-05-03,44,40,4,2604,2436,168
"558","Saarland",2020-05-10,32,30,2,2636,2466,170
"559","Saarland",2020-05-17,20,19,1,2656,2485,171
"560","Saarland",2020-05-24,24,21,3,2680,2506,174
"561","Saarland",2020-05-31,23,22,1,2703,2528,175
"562","Saarland",2020-06-07,24,24,0,2727,2552,175
"563","Saarland",2020-06-14,7,7,0,2734,2559,175
"564","Saarland",2020-06-21,6,5,1,2740,2564,176
"565","Saarland",2020-06-28,4,4,0,2744,2568,176
"566","Saarland",2020-07-05,12,12,0,2756,2580,176
"567","Saarland",2020-07-12,17,17,0,2773,2597,176
"568","Saarland",2020-07-19,24,24,0,2797,2621,176
"569","Saarland",2020-07-26,31,31,0,2828,2652,176
"570","Saarland",2020-08-02,39,39,0,2867,2691,176
"571","Saarland",2020-08-09,73,73,0,2940,2764,176
"572","Saarland",2020-08-16,74,73,1,3014,2837,177
"573","Saarland",2020-08-23,74,74,0,3088,2911,177
"574","Saarland",2020-08-30,46,46,0,3134,2957,177
"575","Saarland",2020-09-06,45,44,1,3179,3001,178
"576","Saarland",2020-09-13,63,63,0,3242,3064,178
"577","Saarland",2020-09-20,63,62,1,3305,3126,179
"578","Saarland",2020-09-27,142,141,1,3447,3267,180
"579","Saarland",2020-10-04,265,265,0,3712,3532,180
"580","Saarland",2020-10-11,687,681,5,4399,4213,185
"581","Saarland",2020-10-18,949,932,17,5348,5145,202
"582","Saarland",2020-10-25,1602,1576,26,6950,6721,228
"583","Saarland",2020-11-01,1637,1610,26,8587,8331,254
"584","Saarland",2020-11-08,1635,1613,22,10222,9944,276
"585","Saarland",2020-11-15,1234,1200,33,11456,11144,309
"586","Saarland",2020-11-22,1185,1153,31,12641,12297,340
"587","Saarland",2020-11-29,1373,1331,41,14014,13628,381
"588","Saarland",2020-12-06,1935,1882,52,15949,15510,433
"589","Saarland",2020-12-13,1792,1714,72,17741,17224,505
"590","Saarland",2020-12-20,1509,1448,57,19250,18672,562
"591","Saarland",2020-12-27,910,828,32,20160,19500,594
"592","Saarland",2021-01-03,1881,1454,61,22041,20954,655
"593","Saarland",2021-01-10,1101,137,18,23142,21091,673
"594","Saarland",2021-01-17,920,12,7,24062,21103,680
"595","Sachsen",2020-03-01,5,5,0,5,5,0
"596","Sachsen",2020-03-08,147,145,2,152,150,2
"597","Sachsen",2020-03-15,720,716,4,872,866,6
"598","Sachsen",2020-03-22,1040,1007,32,1912,1873,38
"599","Sachsen",2020-03-29,1196,1119,77,3108,2992,115
"600","Sachsen",2020-04-05,763,720,43,3871,3712,158
"601","Sachsen",2020-04-12,452,425,26,4323,4137,184
"602","Sachsen",2020-04-19,257,242,15,4580,4379,199
"603","Sachsen",2020-04-26,194,184,10,4774,4563,209
"604","Sachsen",2020-05-03,219,213,5,4993,4776,214
"605","Sachsen",2020-05-10,164,155,9,5157,4931,223
"606","Sachsen",2020-05-17,105,102,3,5262,5033,226
"607","Sachsen",2020-05-24,76,72,4,5338,5105,230
"608","Sachsen",2020-05-31,30,29,1,5368,5134,231
"609","Sachsen",2020-06-07,18,18,0,5386,5152,231
"610","Sachsen",2020-06-14,75,75,0,5461,5227,231
"611","Sachsen",2020-06-21,27,27,0,5488,5254,231
"612","Sachsen",2020-06-28,16,16,0,5504,5270,231
"613","Sachsen",2020-07-05,17,17,0,5521,5287,231
"614","Sachsen",2020-07-12,17,17,0,5538,5304,231
"615","Sachsen",2020-07-19,33,32,0,5571,5336,231
"616","Sachsen",2020-07-26,31,31,0,5602,5367,231
"617","Sachsen",2020-08-02,107,106,1,5709,5473,232
"618","Sachsen",2020-08-09,89,89,0,5798,5562,232
"619","Sachsen",2020-08-16,93,93,0,5891,5655,232
"620","Sachsen",2020-08-23,141,141,0,6032,5796,232
"621","Sachsen",2020-08-30,200,200,0,6232,5996,232
"622","Sachsen",2020-09-06,272,271,0,6504,6267,232
"623","Sachsen",2020-09-13,363,349,12,6867,6616,244
"624","Sachsen",2020-09-20,414,403,10,7281,7019,254
"625","Sachsen",2020-09-27,461,450,10,7742,7469,264
"626","Sachsen",2020-10-04,1054,1042,12,8796,8511,276
"627","Sachsen",2020-10-11,1989,1932,52,10785,10443,328
"628","Sachsen",2020-10-18,3513,3392,121,14298,13835,449
"629","Sachsen",2020-10-25,6047,5871,173,20345,19706,622
"630","Sachsen",2020-11-01,7695,7454,236,28040,27160,858
"631","Sachsen",2020-11-08,7798,7550,246,35838,34710,1104
"632","Sachsen",2020-11-15,9081,8710,369,44919,43420,1473
"633","Sachsen",2020-11-22,11451,10992,455,56370,54412,1928
"634","Sachsen",2020-11-29,14016,13389,600,70386,67801,2528
"635","Sachsen",2020-12-06,17408,16673,694,87794,84474,3222
"636","Sachsen",2020-12-13,20148,19346,755,107942,103820,3977
"637","Sachsen",2020-12-20,17803,17034,698,125745,120854,4675
"638","Sachsen",2020-12-27,14807,7026,524,140552,127880,5199
"639","Sachsen",2021-01-03,15916,5512,365,156468,133392,5564
"640","Sachsen",2021-01-10,10864,702,95,167332,134094,5659
"641","Sachsen",2021-01-17,5923,90,11,173255,134184,5670
"642","Sachsen-Anhalt",2020-03-08,48,47,1,48,47,1
"643","Sachsen-Anhalt",2020-03-15,214,212,2,262,259,3
"644","Sachsen-Anhalt",2020-03-22,371,353,18,633,612,21
"645","Sachsen-Anhalt",2020-03-29,307,296,11,940,908,32
"646","Sachsen-Anhalt",2020-04-05,251,244,7,1191,1152,39
"647","Sachsen-Anhalt",2020-04-12,179,173,6,1370,1325,45
"648","Sachsen-Anhalt",2020-04-19,144,135,9,1514,1460,54
"649","Sachsen-Anhalt",2020-04-26,68,66,2,1582,1526,56
"650","Sachsen-Anhalt",2020-05-03,62,58,4,1644,1584,60
"651","Sachsen-Anhalt",2020-05-10,34,34,0,1678,1618,60
"652","Sachsen-Anhalt",2020-05-17,17,16,1,1695,1634,61
"653","Sachsen-Anhalt",2020-05-24,13,13,0,1708,1647,61
"654","Sachsen-Anhalt",2020-05-31,12,12,0,1720,1659,61
"655","Sachsen-Anhalt",2020-06-07,39,37,2,1759,1696,63
"656","Sachsen-Anhalt",2020-06-14,84,84,0,1843,1780,63
"657","Sachsen-Anhalt",2020-06-21,28,28,0,1871,1808,63
"658","Sachsen-Anhalt",2020-06-28,14,14,0,1885,1822,63
"659","Sachsen-Anhalt",2020-07-05,33,33,0,1918,1855,63
"660","Sachsen-Anhalt",2020-07-12,38,37,1,1956,1892,64
"661","Sachsen-Anhalt",2020-07-19,33,32,1,1989,1924,65
"662","Sachsen-Anhalt",2020-07-26,42,42,0,2031,1966,65
"663","Sachsen-Anhalt",2020-08-02,35,35,0,2066,2001,65
"664","Sachsen-Anhalt",2020-08-09,60,59,1,2126,2060,66
"665","Sachsen-Anhalt",2020-08-16,60,60,0,2186,2120,66
"666","Sachsen-Anhalt",2020-08-23,55,55,0,2241,2175,66
"667","Sachsen-Anhalt",2020-08-30,45,44,1,2286,2219,67
"668","Sachsen-Anhalt",2020-09-06,73,72,1,2359,2291,68
"669","Sachsen-Anhalt",2020-09-13,97,96,1,2456,2387,69
"670","Sachsen-Anhalt",2020-09-20,160,159,1,2616,2546,70
"671","Sachsen-Anhalt",2020-09-27,151,151,0,2767,2697,70
"672","Sachsen-Anhalt",2020-10-04,166,165,1,2933,2862,71
"673","Sachsen-Anhalt",2020-10-11,352,349,3,3285,3211,74
"674","Sachsen-Anhalt",2020-10-18,763,750,13,4048,3961,87
"675","Sachsen-Anhalt",2020-10-25,1314,1295,19,5362,5256,106
"676","Sachsen-Anhalt",2020-11-01,1424,1403,21,6786,6659,127
"677","Sachsen-Anhalt",2020-11-08,1468,1443,25,8254,8102,152
"678","Sachsen-Anhalt",2020-11-15,1818,1773,44,10072,9875,196
"679","Sachsen-Anhalt",2020-11-22,2312,2260,52,12384,12135,248
"680","Sachsen-Anhalt",2020-11-29,2768,2672,93,15152,14807,341
"681","Sachsen-Anhalt",2020-12-06,3520,3373,146,18672,18180,487
"682","Sachsen-Anhalt",2020-12-13,4671,4525,144,23343,22705,631
"683","Sachsen-Anhalt",2020-12-20,4703,4514,185,28046,27219,816
"684","Sachsen-Anhalt",2020-12-27,4438,2146,219,32484,29365,1035
"685","Sachsen-Anhalt",2021-01-03,5420,2451,140,37904,31816,1175
"686","Sachsen-Anhalt",2021-01-10,5663,964,153,43567,32780,1328
"687","Sachsen-Anhalt",2021-01-17,3880,196,68,47447,32976,1396
"688","Schleswig-Holstein",2020-02-23,2,2,0,2,2,0
"689","Schleswig-Holstein",2020-03-01,6,6,0,8,8,0
"690","Schleswig-Holstein",2020-03-08,99,98,1,107,106,1
"691","Schleswig-Holstein",2020-03-15,332,322,10,439,428,11
"692","Schleswig-Holstein",2020-03-22,609,588,21,1048,1016,32
"693","Schleswig-Holstein",2020-03-29,620,587,33,1668,1603,65
"694","Schleswig-Holstein",2020-04-05,466,435,31,2134,2038,96
"695","Schleswig-Holstein",2020-04-12,289,265,24,2423,2303,120
"696","Schleswig-Holstein",2020-04-19,205,187,18,2628,2490,138
"697","Schleswig-Holstein",2020-04-26,103,96,7,2731,2586,145
"698","Schleswig-Holstein",2020-05-03,204,201,2,2935,2787,147
"699","Schleswig-Holstein",2020-05-10,67,65,2,3002,2852,149
"700","Schleswig-Holstein",2020-05-17,65,63,2,3067,2915,151
"701","Schleswig-Holstein",2020-05-24,31,29,2,3098,2944,153
"702","Schleswig-Holstein",2020-05-31,13,13,0,3111,2957,153
"703","Schleswig-Holstein",2020-06-07,10,9,1,3121,2966,154
"704","Schleswig-Holstein",2020-06-14,15,15,0,3136,2981,154
"705","Schleswig-Holstein",2020-06-21,17,16,1,3153,2997,155
"706","Schleswig-Holstein",2020-06-28,33,33,0,3186,3030,155
"707","Schleswig-Holstein",2020-07-05,20,19,1,3206,3049,156
"708","Schleswig-Holstein",2020-07-12,51,49,2,3257,3098,158
"709","Schleswig-Holstein",2020-07-19,67,66,1,3324,3164,159
"710","Schleswig-Holstein",2020-07-26,154,152,2,3478,3316,161
"711","Schleswig-Holstein",2020-08-02,118,118,0,3596,3434,161
"712","Schleswig-Holstein",2020-08-09,207,206,1,3803,3640,162
"713","Schleswig-Holstein",2020-08-16,109,109,0,3912,3749,162
"714","Schleswig-Holstein",2020-08-23,118,118,0,4030,3867,162
"715","Schleswig-Holstein",2020-08-30,104,104,0,4134,3971,162
"716","Schleswig-Holstein",2020-09-06,104,104,0,4238,4075,162
"717","Schleswig-Holstein",2020-09-13,195,195,0,4433,4270,162
"718","Schleswig-Holstein",2020-09-20,260,258,2,4693,4528,164
"719","Schleswig-Holstein",2020-09-27,236,236,0,4929,4764,164
"720","Schleswig-Holstein",2020-10-04,313,312,1,5242,5076,165
"721","Schleswig-Holstein",2020-10-11,450,443,7,5692,5519,172
"722","Schleswig-Holstein",2020-10-18,1048,1028,20,6740,6547,192
"723","Schleswig-Holstein",2020-10-25,1584,1554,30,8324,8101,222
"724","Schleswig-Holstein",2020-11-01,1531,1511,20,9855,9612,242
"725","Schleswig-Holstein",2020-11-08,1600,1587,13,11455,11199,255
"726","Schleswig-Holstein",2020-11-15,1350,1341,9,12805,12540,264
"727","Schleswig-Holstein",2020-11-22,1386,1368,17,14191,13908,281
"728","Schleswig-Holstein",2020-11-29,1455,1425,30,15646,15333,311
"729","Schleswig-Holstein",2020-12-06,2316,2262,53,17962,17595,364
"730","Schleswig-Holstein",2020-12-13,2842,2763,78,20804,20358,442
"731","Schleswig-Holstein",2020-12-20,2458,2370,86,23262,22728,528
"732","Schleswig-Holstein",2020-12-27,2237,1481,99,25499,24209,627
"733","Schleswig-Holstein",2021-01-03,2942,1805,68,28441,26014,695
"734","Schleswig-Holstein",2021-01-10,2485,451,40,30926,26465,735
"735","Schleswig-Holstein",2021-01-17,2310,40,6,33236,26505,741
"736","Thüringen",2020-03-01,2,2,0,2,2,0
"737","Thüringen",2020-03-08,49,49,0,51,51,0
"738","Thüringen",2020-03-15,255,253,2,306,304,2
"739","Thüringen",2020-03-22,446,430,16,752,734,18
"740","Thüringen",2020-03-29,397,377,20,1149,1111,38
"741","Thüringen",2020-04-05,326,290,36,1475,1401,74
"742","Thüringen",2020-04-12,302,274,28,1777,1675,102
"743","Thüringen",2020-04-19,322,300,22,2099,1975,124
"744","Thüringen",2020-04-26,265,238,27,2364,2213,151
"745","Thüringen",2020-05-03,222,208,14,2586,2421,165
"746","Thüringen",2020-05-10,154,146,8,2740,2567,173
"747","Thüringen",2020-05-17,126,120,6,2866,2687,179
"748","Thüringen",2020-05-24,155,147,8,3021,2834,187
"749","Thüringen",2020-05-31,75,72,3,3096,2906,190
"750","Thüringen",2020-06-07,86,85,1,3182,2991,191
"751","Thüringen",2020-06-14,47,47,0,3229,3038,191
"752","Thüringen",2020-06-21,19,18,1,3248,3056,192
"753","Thüringen",2020-06-28,21,21,0,3269,3077,192
"754","Thüringen",2020-07-05,23,22,1,3292,3099,193
"755","Thüringen",2020-07-12,29,29,0,3321,3128,193
"756","Thüringen",2020-07-19,25,25,0,3346,3153,193
"757","Thüringen",2020-07-26,29,27,2,3375,3180,195
"758","Thüringen",2020-08-02,52,52,0,3427,3232,195
"759","Thüringen",2020-08-09,70,70,0,3497,3302,195
"760","Thüringen",2020-08-16,55,55,0,3552,3357,195
"761","Thüringen",2020-08-23,76,75,1,3628,3432,196
"762","Thüringen",2020-08-30,60,60,0,3688,3492,196
"763","Thüringen",2020-09-06,106,104,2,3794,3596,198
"764","Thüringen",2020-09-13,145,144,1,3939,3740,199
"765","Thüringen",2020-09-20,116,114,2,4055,3854,201
"766","Thüringen",2020-09-27,158,157,1,4213,4011,202
"767","Thüringen",2020-10-04,240,236,4,4453,4247,206
"768","Thüringen",2020-10-11,472,468,4,4925,4715,210
"769","Thüringen",2020-10-18,944,925,19,5869,5640,229
"770","Thüringen",2020-10-25,1378,1354,24,7247,6994,253
"771","Thüringen",2020-11-01,1718,1676,42,8965,8670,295
"772","Thüringen",2020-11-08,2002,1938,64,10967,10608,359
"773","Thüringen",2020-11-15,2813,2709,104,13780,13317,463
"774","Thüringen",2020-11-22,3168,3076,92,16948,16393,555
"775","Thüringen",2020-11-29,3837,3715,122,20785,20108,677
"776","Thüringen",2020-12-06,5387,5179,205,26172,25287,882
"777","Thüringen",2020-12-13,6477,6229,243,32649,31516,1125
"778","Thüringen",2020-12-20,6470,6209,253,39119,37725,1378
"779","Thüringen",2020-12-27,5495,4316,219,44614,42041,1597
"780","Thüringen",2021-01-03,6831,5400,177,51445,47441,1774
"781","Thüringen",2021-01-10,6020,1727,101,57465,49168,1875
"782","Thüringen",2021-01-17,3820,99,25,61285,49267,1900
